6.700000000000000000e+01 5.260000000000000000e+02 1.600000000000000089e+00 8.000000000000000000e+00 3.037746833679340508e+00
6.700000000000000000e+01 5.260000000000000000e+02 1.600000000000000089e+00 2.700000000000000000e+01 2.979127624341035840e+00
7.400000000000000000e+01 3.590000000000000000e+02 1.600000000000000089e+00 7.000000000000000000e+00 1.116888759077997006e+00
7.400000000000000000e+01 3.590000000000000000e+02 1.600000000000000089e+00 3.100000000000000000e+01 1.156264539502306343e+00
7.500000000000000000e+01 4.920000000000000000e+02 1.600000000000000089e+00 2.000000000000000000e+01 3.606207739533308754e+00
7.900000000000000000e+01 4.860000000000000000e+02 1.600000000000000089e+00 1.200000000000000000e+01 4.905527534344134466e+00
8.300000000000000000e+01 5.090000000000000000e+02 1.600000000000000089e+00 2.400000000000000000e+01 5.032443488179514368e+00
9.400000000000000000e+01 5.100000000000000000e+02 1.600000000000000089e+00 3.000000000000000000e+01 3.947444274543512321e+00
1.000000000000000000e+02 5.110000000000000000e+02 1.600000000000000089e+00 2.400000000000000000e+01 4.202199739236601062e+00
1.000000000000000000e+02 5.110000000000000000e+02 1.600000000000000089e+00 2.700000000000000000e+01 3.540815762837177694e+00
1.620000000000000000e+02 5.240000000000000000e+02 1.600000000000000089e+00 8.000000000000000000e+00 2.429969609023929777e+00
1.620000000000000000e+02 5.240000000000000000e+02 1.600000000000000089e+00 2.900000000000000000e+01 2.259233018293308248e+00
1.900000000000000000e+02 3.990000000000000000e+02 1.600000000000000089e+00 2.100000000000000000e+01 2.988002263897604482e+00
3.250000000000000000e+02 1.780000000000000000e+02 1.600000000000000089e+00 2.700000000000000000e+01 2.504647182202969002e+00
3.820000000000000000e+02 1.800000000000000000e+02 1.600000000000000089e+00 2.600000000000000000e+01 4.003841633529112265e+00
3.830000000000000000e+02 3.930000000000000000e+02 1.600000000000000089e+00 9.000000000000000000e+00 3.488375264097070882e+00
3.830000000000000000e+02 3.930000000000000000e+02 1.600000000000000089e+00 2.700000000000000000e+01 3.158482516147932628e+00
3.870000000000000000e+02 3.930000000000000000e+02 1.600000000000000089e+00 1.100000000000000000e+01 2.565801209712867514e+00
3.950000000000000000e+02 3.320000000000000000e+02 1.600000000000000089e+00 8.000000000000000000e+00 4.812077675430825430e+00
4.020000000000000000e+02 1.740000000000000000e+02 1.600000000000000089e+00 8.000000000000000000e+00 7.672931373961208834e+00
4.020000000000000000e+02 1.800000000000000000e+02 1.600000000000000089e+00 2.700000000000000000e+01 4.956936910448233924e+00
4.030000000000000000e+02 3.940000000000000000e+02 1.600000000000000089e+00 8.000000000000000000e+00 5.050079097987783427e+00
4.050000000000000000e+02 9.800000000000000000e+01 1.600000000000000089e+00 2.600000000000000000e+01 4.281091080361663082e+00
4.050000000000000000e+02 1.070000000000000000e+02 1.600000000000000089e+00 8.000000000000000000e+00 3.344566258007442006e+00
4.060000000000000000e+02 1.750000000000000000e+02 1.600000000000000089e+00 8.000000000000000000e+00 5.169777726427563280e+00
4.070000000000000000e+02 1.800000000000000000e+02 1.600000000000000089e+00 2.700000000000000000e+01 5.512578947180902134e+00
4.080000000000000000e+02 3.370000000000000000e+02 1.600000000000000089e+00 2.600000000000000000e+01 4.584013419998382410e+00
4.080000000000000000e+02 3.300000000000000000e+02 1.600000000000000089e+00 8.000000000000000000e+00 3.835350032100588002e+00
4.080000000000000000e+02 3.920000000000000000e+02 1.600000000000000089e+00 9.000000000000000000e+00 3.426990822956816896e+00
4.080000000000000000e+02 4.050000000000000000e+02 1.600000000000000089e+00 9.000000000000000000e+00 5.794184651923706575e+00
4.090000000000000000e+02 5.840000000000000000e+02 1.600000000000000089e+00 3.300000000000000000e+01 4.177156845265968421e+00
4.090000000000000000e+02 3.190000000000000000e+02 1.600000000000000089e+00 2.700000000000000000e+01 2.014098071080732577e+00
4.100000000000000000e+02 1.130000000000000000e+02 1.600000000000000089e+00 2.600000000000000000e+01 5.365828925330460741e+00
4.100000000000000000e+02 3.950000000000000000e+02 1.600000000000000089e+00 9.000000000000000000e+00 2.756497226369911235e+00
4.110000000000000000e+02 1.750000000000000000e+02 1.600000000000000089e+00 9.000000000000000000e+00 4.868381755986021631e+00
4.120000000000000000e+02 1.800000000000000000e+02 1.600000000000000089e+00 2.600000000000000000e+01 2.755248525493234180e+00
4.120000000000000000e+02 1.800000000000000000e+02 1.600000000000000089e+00 3.000000000000000000e+01 2.714099712807690690e+00
4.120000000000000000e+02 5.840000000000000000e+02 1.600000000000000089e+00 3.300000000000000000e+01 1.189579166319843040e+01
4.130000000000000000e+02 3.980000000000000000e+02 1.600000000000000089e+00 3.200000000000000000e+01 2.247002180422961626e+00
4.140000000000000000e+02 9.700000000000000000e+01 1.600000000000000089e+00 2.600000000000000000e+01 4.021771800148163045e+00
4.150000000000000000e+02 1.750000000000000000e+02 1.600000000000000089e+00 8.000000000000000000e+00 6.067099000921087892e+00
4.160000000000000000e+02 1.820000000000000000e+02 1.600000000000000089e+00 2.600000000000000000e+01 2.729899226937555490e+00
4.170000000000000000e+02 3.930000000000000000e+02 1.600000000000000089e+00 8.000000000000000000e+00 4.482877126258792977e+00
4.180000000000000000e+02 1.860000000000000000e+02 1.600000000000000089e+00 1.700000000000000000e+01 2.491485743479814552e+00
4.190000000000000000e+02 9.600000000000000000e+01 1.600000000000000089e+00 2.800000000000000000e+01 3.873920887327720219e+00
4.200000000000000000e+02 1.760000000000000000e+02 1.600000000000000089e+00 1.600000000000000000e+01 2.880453350906286847e+00
4.210000000000000000e+02 3.310000000000000000e+02 1.600000000000000089e+00 7.000000000000000000e+00 2.635547611832575132e+00
4.210000000000000000e+02 3.360000000000000000e+02 1.600000000000000089e+00 2.800000000000000000e+01 5.495316532393835551e+00
4.240000000000000000e+02 3.960000000000000000e+02 1.600000000000000089e+00 8.000000000000000000e+00 1.811778472682816332e+00
4.290000000000000000e+02 2.440000000000000000e+02 1.600000000000000089e+00 3.400000000000000000e+01 4.057773220222392396e+00
4.320000000000000000e+02 7.200000000000000000e+01 1.600000000000000089e+00 3.000000000000000000e+00 2.991004298299329456e+00
4.350000000000000000e+02 7.000000000000000000e+01 1.600000000000000089e+00 2.000000000000000000e+00 1.232298716600782829e+00
4.350000000000000000e+02 7.000000000000000000e+01 1.600000000000000089e+00 8.000000000000000000e+00 1.278122789044468188e+00
4.350000000000000000e+02 7.000000000000000000e+01 1.600000000000000089e+00 2.600000000000000000e+01 1.357038009259916800e+00
4.350000000000000000e+02 7.000000000000000000e+01 1.600000000000000089e+00 3.500000000000000000e+01 1.424428669674041137e+00
4.380000000000000000e+02 2.510000000000000000e+02 1.600000000000000089e+00 2.700000000000000000e+01 1.967921656232281213e+00
3.500000000000000000e+01 4.910000000000000000e+02 2.015873679831797105e+00 1.100000000000000000e+01 6.223330765863696712e+00
4.800000000000000000e+01 4.790000000000000000e+02 2.015873679831797105e+00 2.700000000000000000e+01 7.873149315914263369e+00
5.400000000000000000e+01 2.250000000000000000e+02 2.015873679831797105e+00 0.000000000000000000e+00 3.106838787430224791e+00
5.600000000000000000e+01 1.470000000000000000e+02 2.015873679831797105e+00 9.000000000000000000e+00 1.089309374316192569e+00
6.900000000000000000e+01 5.230000000000000000e+02 2.015873679831797105e+00 8.000000000000000000e+00 2.991797492452111129e+00
7.200000000000000000e+01 4.970000000000000000e+02 2.015873679831797105e+00 0.000000000000000000e+00 2.663765524817397257e+00
9.500000000000000000e+01 4.980000000000000000e+02 2.015873679831797105e+00 9.000000000000000000e+00 2.736758192552886548e+00
9.700000000000000000e+01 5.090000000000000000e+02 2.015873679831797105e+00 2.400000000000000000e+01 2.260283405396707579e+00
9.700000000000000000e+01 5.090000000000000000e+02 2.015873679831797105e+00 3.000000000000000000e+01 2.760574617953932108e+00
1.030000000000000000e+02 5.090000000000000000e+02 2.015873679831797105e+00 2.500000000000000000e+01 3.805665256364296756e+00
1.030000000000000000e+02 5.090000000000000000e+02 2.015873679831797105e+00 2.700000000000000000e+01 3.671310270511674023e+00
1.200000000000000000e+02 5.270000000000000000e+02 2.015873679831797105e+00 8.000000000000000000e+00 3.209436939950113032e+00
1.460000000000000000e+02 3.940000000000000000e+02 2.015873679831797105e+00 3.500000000000000000e+01 1.561049390954273974e+00
1.540000000000000000e+02 5.150000000000000000e+02 2.015873679831797105e+00 1.100000000000000000e+01 2.764387867606874938e+00
1.540000000000000000e+02 5.150000000000000000e+02 2.015873679831797105e+00 2.800000000000000000e+01 3.011102868446309699e+00
1.560000000000000000e+02 5.120000000000000000e+02 2.015873679831797105e+00 2.800000000000000000e+01 3.605939292772405658e+00
1.980000000000000000e+02 1.930000000000000000e+02 2.015873679831797105e+00 9.000000000000000000e+00 7.735406212578160856e-01
1.980000000000000000e+02 1.930000000000000000e+02 2.015873679831797105e+00 3.000000000000000000e+01 7.860372613023676180e-01
2.570000000000000000e+02 5.190000000000000000e+02 2.015873679831797105e+00 2.600000000000000000e+01 4.071959229807594838e+00
3.160000000000000000e+02 1.250000000000000000e+02 2.015873679831797105e+00 1.900000000000000000e+01 1.199033139403221204e+00
3.180000000000000000e+02 1.780000000000000000e+02 2.015873679831797105e+00 1.300000000000000000e+01 8.039529166737724442e-01
3.180000000000000000e+02 1.780000000000000000e+02 2.015873679831797105e+00 2.900000000000000000e+01 9.631579499384648191e-01
3.240000000000000000e+02 3.910000000000000000e+02 2.015873679831797105e+00 1.600000000000000000e+01 1.485113166758597059e+00
3.430000000000000000e+02 1.150000000000000000e+02 2.015873679831797105e+00 2.600000000000000000e+01 2.338310612197132876e+00
3.480000000000000000e+02 2.700000000000000000e+01 2.015873679831797105e+00 1.600000000000000000e+01 5.691421160693813874e+00
3.840000000000000000e+02 3.380000000000000000e+02 2.015873679831797105e+00 2.700000000000000000e+01 4.997964280573613749e+00
3.840000000000000000e+02 3.310000000000000000e+02 2.015873679831797105e+00 8.000000000000000000e+00 5.609047481488946829e+00
3.860000000000000000e+02 1.160000000000000000e+02 2.015873679831797105e+00 2.600000000000000000e+01 3.190994515830372524e+00
3.860000000000000000e+02 1.090000000000000000e+02 2.015873679831797105e+00 9.000000000000000000e+00 3.623847889091586616e+00
3.870000000000000000e+02 1.740000000000000000e+02 2.015873679831797105e+00 9.000000000000000000e+00 3.623857569656515398e+00
3.880000000000000000e+02 1.800000000000000000e+02 2.015873679831797105e+00 2.500000000000000000e+01 3.246175166388677091e+00
3.890000000000000000e+02 3.380000000000000000e+02 2.015873679831797105e+00 2.600000000000000000e+01 4.237853037404005541e+00
3.900000000000000000e+02 3.310000000000000000e+02 2.015873679831797105e+00 1.000000000000000000e+01 3.278109770502115161e+00
3.960000000000000000e+02 3.350000000000000000e+02 2.015873679831797105e+00 2.700000000000000000e+01 5.710016914288081225e+00
4.010000000000000000e+02 1.770000000000000000e+02 2.015873679831797105e+00 8.000000000000000000e+00 6.115369150885896055e+00
4.030000000000000000e+02 3.380000000000000000e+02 2.015873679831797105e+00 2.700000000000000000e+01 6.446096980267494558e+00
4.030000000000000000e+02 3.310000000000000000e+02 2.015873679831797105e+00 7.000000000000000000e+00 4.714336606239784899e+00
4.050000000000000000e+02 3.190000000000000000e+02 2.015873679831797105e+00 2.800000000000000000e+01 1.978962873235125430e+00
4.050000000000000000e+02 1.140000000000000000e+02 2.015873679831797105e+00 2.600000000000000000e+01 3.811031527197184854e+00
4.070000000000000000e+02 5.870000000000000000e+02 2.015873679831797105e+00 1.400000000000000000e+01 6.301150207020316252e+00
4.100000000000000000e+02 1.070000000000000000e+02 2.015873679831797105e+00 4.000000000000000000e+00 1.779518915989694694e+00
4.100000000000000000e+02 1.070000000000000000e+02 2.015873679831797105e+00 9.000000000000000000e+00 1.845557036682089036e+00
4.110000000000000000e+02 2.050000000000000000e+02 2.015873679831797105e+00 8.000000000000000000e+00 6.857143235318117647e+00
4.130000000000000000e+02 3.310000000000000000e+02 2.015873679831797105e+00 5.000000000000000000e+00 2.230982125407872108e+00
4.130000000000000000e+02 3.310000000000000000e+02 2.015873679831797105e+00 9.000000000000000000e+00 2.691037759129991880e+00
4.140000000000000000e+02 1.130000000000000000e+02 2.015873679831797105e+00 2.700000000000000000e+01 4.549314713225792062e+00
4.150000000000000000e+02 9.400000000000000000e+01 2.015873679831797105e+00 2.600000000000000000e+01 2.474306911108004492e+00
4.160000000000000000e+02 3.370000000000000000e+02 2.015873679831797105e+00 2.700000000000000000e+01 5.872313095569007046e+00
4.170000000000000000e+02 3.960000000000000000e+02 2.015873679831797105e+00 7.000000000000000000e+00 2.093976992180520469e+00
4.190000000000000000e+02 1.070000000000000000e+02 2.015873679831797105e+00 7.000000000000000000e+00 1.860396417390765222e+00
4.190000000000000000e+02 1.130000000000000000e+02 2.015873679831797105e+00 2.800000000000000000e+01 2.550423341969637825e+00
4.210000000000000000e+02 1.810000000000000000e+02 2.015873679831797105e+00 1.900000000000000000e+01 1.220802102494636499e+00
4.210000000000000000e+02 1.810000000000000000e+02 2.015873679831797105e+00 2.800000000000000000e+01 1.411088270198742833e+00
4.210000000000000000e+02 4.070000000000000000e+02 2.015873679831797105e+00 7.000000000000000000e+00 4.724374470860849051e+00
4.220000000000000000e+02 1.100000000000000000e+02 2.015873679831797105e+00 2.700000000000000000e+01 4.042535884418204439e+00
4.220000000000000000e+02 3.190000000000000000e+02 2.015873679831797105e+00 1.800000000000000000e+01 2.151667704336746922e+00
4.240000000000000000e+02 1.780000000000000000e+02 2.015873679831797105e+00 8.000000000000000000e+00 4.052740753624461512e+00
4.240000000000000000e+02 3.340000000000000000e+02 2.015873679831797105e+00 2.700000000000000000e+01 4.803020448116541274e+00
4.260000000000000000e+02 2.460000000000000000e+02 2.015873679831797105e+00 9.000000000000000000e+00 1.252933544534489796e+00
4.260000000000000000e+02 2.460000000000000000e+02 2.015873679831797105e+00 1.700000000000000000e+01 1.566154437999818461e+00
4.290000000000000000e+02 7.100000000000000000e+01 2.015873679831797105e+00 4.000000000000000000e+00 1.432874409071558830e+00
4.290000000000000000e+02 7.100000000000000000e+01 2.015873679831797105e+00 7.000000000000000000e+00 1.157894044822498802e+00
4.290000000000000000e+02 7.100000000000000000e+01 2.015873679831797105e+00 1.000000000000000000e+01 1.229960244500217126e+00
4.290000000000000000e+02 7.100000000000000000e+01 2.015873679831797105e+00 1.600000000000000000e+01 1.279024112039386818e+00
4.290000000000000000e+02 7.100000000000000000e+01 2.015873679831797105e+00 2.200000000000000000e+01 1.151021244020564938e+00
4.320000000000000000e+02 6.800000000000000000e+01 2.015873679831797105e+00 3.000000000000000000e+01 1.943028734350947140e+00
4.370000000000000000e+02 2.720000000000000000e+02 2.015873679831797105e+00 1.800000000000000000e+01 1.171387525331504920e+00
4.370000000000000000e+02 2.720000000000000000e+02 2.015873679831797105e+00 2.600000000000000000e+01 1.112666018582863403e+00
4.370000000000000000e+02 2.720000000000000000e+02 2.015873679831797105e+00 3.500000000000000000e+01 1.269125632376263635e+00
4.380000000000000000e+02 3.970000000000000000e+02 2.015873679831797105e+00 1.200000000000000000e+01 1.938738027863791347e+00
1.400000000000000000e+01 4.850000000000000000e+02 2.539841683149119511e+00 5.000000000000000000e+00 2.366020094922975936e+00
1.400000000000000000e+01 4.850000000000000000e+02 2.539841683149119511e+00 8.000000000000000000e+00 2.445846382824509835e+00
2.800000000000000000e+01 4.970000000000000000e+02 2.539841683149119511e+00 1.700000000000000000e+01 2.860334349366959295e+00
3.700000000000000000e+01 5.180000000000000000e+02 2.539841683149119511e+00 9.000000000000000000e+00 3.064392766850846606e+00
3.700000000000000000e+01 5.180000000000000000e+02 2.539841683149119511e+00 2.200000000000000000e+01 3.175470893698021158e+00
4.000000000000000000e+01 4.980000000000000000e+02 2.539841683149119511e+00 1.700000000000000000e+01 3.401952632245799357e+00
7.400000000000000000e+01 5.160000000000000000e+02 2.539841683149119511e+00 6.000000000000000000e+00 1.540093412300515441e+00
7.400000000000000000e+01 5.160000000000000000e+02 2.539841683149119511e+00 2.300000000000000000e+01 1.855991601168061056e+00
9.400000000000000000e+01 3.630000000000000000e+02 2.539841683149119511e+00 2.600000000000000000e+01 1.214277053462115230e+00
9.400000000000000000e+01 3.630000000000000000e+02 2.539841683149119511e+00 3.400000000000000000e+01 1.137495058558126493e+00
1.690000000000000000e+02 5.140000000000000000e+02 2.539841683149119511e+00 2.900000000000000000e+01 4.232323440845396689e+00
1.730000000000000000e+02 5.010000000000000000e+02 2.539841683149119511e+00 8.000000000000000000e+00 4.554509078068841532e+00
1.750000000000000000e+02 5.200000000000000000e+02 2.539841683149119511e+00 1.700000000000000000e+01 3.115610670949913619e+00
2.380000000000000000e+02 2.330000000000000000e+02 2.539841683149119511e+00 1.800000000000000000e+01 5.218838630159615022e+00
2.430000000000000000e+02 5.180000000000000000e+02 2.539841683149119511e+00 2.700000000000000000e+01 3.320041351746460201e+00
2.510000000000000000e+02 5.180000000000000000e+02 2.539841683149119511e+00 2.700000000000000000e+01 4.319482882929084333e+00
2.700000000000000000e+02 1.960000000000000000e+02 2.539841683149119511e+00 2.800000000000000000e+01 1.104729639297528765e+00
2.730000000000000000e+02 1.920000000000000000e+02 2.539841683149119511e+00 2.700000000000000000e+01 1.316208382026734736e+00
2.730000000000000000e+02 2.890000000000000000e+02 2.539841683149119511e+00 2.200000000000000000e+01 8.995211862405586567e-01
2.870000000000000000e+02 1.010000000000000000e+02 2.539841683149119511e+00 8.000000000000000000e+00 2.133031160822132843e+00
2.870000000000000000e+02 1.010000000000000000e+02 2.539841683149119511e+00 2.600000000000000000e+01 2.126131355034362791e+00
3.150000000000000000e+02 1.160000000000000000e+02 2.539841683149119511e+00 3.100000000000000000e+01 6.403278111798358374e-01
3.220000000000000000e+02 1.900000000000000000e+02 2.539841683149119511e+00 7.000000000000000000e+00 9.868405182923991603e-01
3.220000000000000000e+02 3.340000000000000000e+02 2.539841683149119511e+00 4.000000000000000000e+00 7.049781195500547382e-01
3.250000000000000000e+02 3.990000000000000000e+02 2.539841683149119511e+00 0.000000000000000000e+00 1.340729771612960475e+00
3.250000000000000000e+02 3.990000000000000000e+02 2.539841683149119511e+00 1.700000000000000000e+01 1.613214275912449924e+00
3.250000000000000000e+02 1.930000000000000000e+02 2.539841683149119511e+00 7.000000000000000000e+00 1.741885251191872541e+00
3.250000000000000000e+02 1.930000000000000000e+02 2.539841683149119511e+00 2.600000000000000000e+01 1.900767006578398366e+00
3.850000000000000000e+02 1.770000000000000000e+02 2.539841683149119511e+00 1.000000000000000000e+01 2.227895161591642914e+00
3.850000000000000000e+02 1.770000000000000000e+02 2.539841683149119511e+00 2.700000000000000000e+01 2.241553244919961330e+00
3.860000000000000000e+02 1.000000000000000000e+02 2.539841683149119511e+00 2.600000000000000000e+01 3.640881989806495689e+00
3.900000000000000000e+02 4.030000000000000000e+02 2.539841683149119511e+00 9.000000000000000000e+00 6.218543791361678785e+00
3.920000000000000000e+02 1.000000000000000000e+02 2.539841683149119511e+00 2.700000000000000000e+01 4.533097426795668738e+00
3.960000000000000000e+02 3.310000000000000000e+02 2.539841683149119511e+00 8.000000000000000000e+00 3.022490885574404373e+00
4.070000000000000000e+02 1.110000000000000000e+02 2.539841683149119511e+00 2.600000000000000000e+01 3.280886401430384680e+00
4.100000000000000000e+02 3.340000000000000000e+02 2.539841683149119511e+00 2.600000000000000000e+01 3.776288623955500690e+00
4.150000000000000000e+02 1.100000000000000000e+02 2.539841683149119511e+00 2.700000000000000000e+01 2.428429389824087625e+00
4.150000000000000000e+02 1.700000000000000000e+01 2.539841683149119511e+00 1.400000000000000000e+01 2.710455591141295528e+00
4.160000000000000000e+02 1.780000000000000000e+02 2.539841683149119511e+00 8.000000000000000000e+00 2.538755003294101087e+00
4.170000000000000000e+02 3.180000000000000000e+02 2.539841683149119511e+00 1.800000000000000000e+01 1.411651260917769823e+00
4.170000000000000000e+02 3.180000000000000000e+02 2.539841683149119511e+00 2.700000000000000000e+01 1.193380835074989044e+00
4.200000000000000000e+02 1.400000000000000000e+01 2.539841683149119511e+00 2.000000000000000000e+00 1.005445893870725582e+00
4.200000000000000000e+02 1.400000000000000000e+01 2.539841683149119511e+00 2.300000000000000000e+01 1.215128553530217870e+00
4.200000000000000000e+02 1.400000000000000000e+01 2.539841683149119511e+00 2.600000000000000000e+01 1.245167655101019566e+00
4.210000000000000000e+02 1.740000000000000000e+02 2.539841683149119511e+00 8.000000000000000000e+00 1.721620515170108945e+00
4.210000000000000000e+02 2.450000000000000000e+02 2.539841683149119511e+00 1.600000000000000000e+01 1.427725642860451005e+00
4.220000000000000000e+02 9.400000000000000000e+01 2.539841683149119511e+00 2.700000000000000000e+01 3.448578199091769214e+00
4.240000000000000000e+02 1.700000000000000000e+01 2.539841683149119511e+00 2.000000000000000000e+00 2.764008767720870896e+00
4.320000000000000000e+02 1.060000000000000000e+02 2.539841683149119511e+00 3.000000000000000000e+00 1.431748098070200648e+00
4.320000000000000000e+02 1.060000000000000000e+02 2.539841683149119511e+00 8.000000000000000000e+00 1.222697633843827347e+00
4.330000000000000000e+02 1.130000000000000000e+02 2.539841683149119511e+00 2.700000000000000000e+01 3.517854299774888283e+00
4.330000000000000000e+02 1.740000000000000000e+02 2.539841683149119511e+00 8.000000000000000000e+00 2.913495956977760759e+00
4.330000000000000000e+02 1.810000000000000000e+02 2.539841683149119511e+00 3.100000000000000000e+01 1.674334514366838667e+00
4.340000000000000000e+02 3.300000000000000000e+02 2.539841683149119511e+00 5.000000000000000000e+00 1.569382794733993114e+00
4.340000000000000000e+02 3.300000000000000000e+02 2.539841683149119511e+00 7.000000000000000000e+00 1.778023817370413262e+00
4.350000000000000000e+02 1.800000000000000000e+01 2.539841683149119511e+00 2.100000000000000000e+01 1.287336850090933238e+00
4.350000000000000000e+02 1.800000000000000000e+01 2.539841683149119511e+00 2.400000000000000000e+01 1.031329094381266076e+00
4.350000000000000000e+02 1.800000000000000000e+01 2.539841683149119511e+00 2.600000000000000000e+01 1.056398942475653024e+00
4.360000000000000000e+02 1.090000000000000000e+02 2.539841683149119511e+00 3.000000000000000000e+00 1.614884067199164219e+00
4.360000000000000000e+02 1.090000000000000000e+02 2.539841683149119511e+00 2.400000000000000000e+01 1.982787772779710300e+00
4.360000000000000000e+02 1.090000000000000000e+02 2.539841683149119511e+00 2.700000000000000000e+01 1.605784055817937261e+00
4.370000000000000000e+02 1.780000000000000000e+02 2.539841683149119511e+00 1.100000000000000000e+01 2.293509837680681507e+00
4.370000000000000000e+02 1.780000000000000000e+02 2.539841683149119511e+00 3.100000000000000000e+01 1.875509020740986799e+00
4.380000000000000000e+02 3.200000000000000000e+02 2.539841683149119511e+00 1.200000000000000000e+01 1.903520857127399157e+00
4.390000000000000000e+02 1.900000000000000000e+02 2.539841683149119511e+00 2.800000000000000000e+01 2.732575121669864160e+00
4.800000000000000000e+01 5.230000000000000000e+02 3.200000000000000178e+00 9.000000000000000000e+00 6.837790878454368837e+00
6.700000000000000000e+01 5.080000000000000000e+02 3.200000000000000178e+00 3.500000000000000000e+01 1.033259711651927404e+01
6.800000000000000000e+01 4.860000000000000000e+02 3.200000000000000178e+00 3.000000000000000000e+00 6.159653564052876007e+00
2.400000000000000000e+02 5.040000000000000000e+02 3.200000000000000178e+00 9.000000000000000000e+00 5.866098507948163565e+00
2.870000000000000000e+02 5.070000000000000000e+02 3.200000000000000178e+00 9.000000000000000000e+00 7.485906093228182456e+00
2.930000000000000000e+02 5.070000000000000000e+02 3.200000000000000178e+00 9.000000000000000000e+00 7.264505246242297432e+00
2.970000000000000000e+02 5.070000000000000000e+02 3.200000000000000178e+00 9.000000000000000000e+00 7.041535617720501961e+00
3.190000000000000000e+02 3.660000000000000000e+02 3.200000000000000178e+00 1.800000000000000000e+01 2.634836686556543128e+00
3.190000000000000000e+02 3.890000000000000000e+02 3.200000000000000178e+00 1.600000000000000000e+01 2.070178844144676233e+00
3.200000000000000000e+02 3.970000000000000000e+02 3.200000000000000178e+00 1.900000000000000000e+01 1.447622703334667582e+00
3.580000000000000000e+02 9.800000000000000000e+01 3.200000000000000178e+00 2.600000000000000000e+01 4.449748625089773313e+00
3.690000000000000000e+02 5.290000000000000000e+02 3.200000000000000178e+00 2.700000000000000000e+01 5.910775296734972706e+00
3.920000000000000000e+02 5.100000000000000000e+02 3.200000000000000178e+00 9.000000000000000000e+00 4.481330899133332935e+00
4.020000000000000000e+02 3.300000000000000000e+02 3.200000000000000178e+00 7.000000000000000000e+00 2.968224483896514165e+00
4.110000000000000000e+02 9.400000000000000000e+01 3.200000000000000178e+00 2.600000000000000000e+01 3.940992762756311940e+00
4.110000000000000000e+02 3.030000000000000000e+02 3.200000000000000178e+00 2.700000000000000000e+01 6.048702570355223074e+00
4.120000000000000000e+02 2.250000000000000000e+02 3.200000000000000178e+00 3.100000000000000000e+01 9.544069653085948124e-01
4.120000000000000000e+02 2.250000000000000000e+02 3.200000000000000178e+00 3.300000000000000000e+01 8.961467357883226015e-01
4.150000000000000000e+02 3.030000000000000000e+02 3.200000000000000178e+00 2.700000000000000000e+01 5.826418663683456955e+00
4.200000000000000000e+02 3.030000000000000000e+02 3.200000000000000178e+00 2.600000000000000000e+01 5.358838099250289311e+00
6.600000000000000000e+01 4.980000000000000000e+02 4.031747359663594210e+00 3.000000000000000000e+00 3.402758570674477845e+00
6.600000000000000000e+01 4.980000000000000000e+02 4.031747359663594210e+00 3.400000000000000000e+01 3.517815114388414877e+00
7.800000000000000000e+01 5.210000000000000000e+02 4.031747359663594210e+00 9.000000000000000000e+00 1.525731149077072413e+00
8.200000000000000000e+01 2.050000000000000000e+02 4.031747359663594210e+00 3.500000000000000000e+01 3.126934033782283517e+00
8.300000000000000000e+01 2.960000000000000000e+02 4.031747359663594210e+00 3.500000000000000000e+01 2.180866050489854935e+00
1.530000000000000000e+02 5.000000000000000000e+02 4.031747359663594210e+00 9.000000000000000000e+00 6.347633427180251253e+00
2.300000000000000000e+02 5.030000000000000000e+02 4.031747359663594210e+00 9.000000000000000000e+00 5.872156967640255409e+00
2.400000000000000000e+02 2.770000000000000000e+02 4.031747359663594210e+00 3.100000000000000000e+01 2.695878699970879921e+00
2.420000000000000000e+02 2.160000000000000000e+02 4.031747359663594210e+00 2.000000000000000000e+01 2.814275036149587184e+00
2.560000000000000000e+02 2.900000000000000000e+02 4.031747359663594210e+00 3.000000000000000000e+01 1.375517369580014693e+00
2.850000000000000000e+02 5.060000000000000000e+02 4.031747359663594210e+00 9.000000000000000000e+00 5.590909966404436382e+00
3.140000000000000000e+02 1.840000000000000000e+02 4.031747359663594210e+00 1.600000000000000000e+01 6.008580126188602932e-01
3.140000000000000000e+02 1.840000000000000000e+02 4.031747359663594210e+00 1.800000000000000000e+01 7.465598179722865435e-01
3.280000000000000000e+02 1.930000000000000000e+02 4.031747359663594210e+00 9.000000000000000000e+00 1.450388993536138260e+00
3.280000000000000000e+02 1.930000000000000000e+02 4.031747359663594210e+00 2.600000000000000000e+01 1.483526305624016661e+00
3.910000000000000000e+02 4.020000000000000000e+02 4.031747359663594210e+00 9.000000000000000000e+00 7.269288083164266112e+00
4.040000000000000000e+02 5.110000000000000000e+02 4.031747359663594210e+00 9.000000000000000000e+00 2.230080663839651756e+00
4.190000000000000000e+02 2.000000000000000000e+02 4.031747359663594210e+00 9.000000000000000000e+00 5.073742240664935288e+00
4.210000000000000000e+02 2.000000000000000000e+02 4.031747359663594210e+00 9.000000000000000000e+00 5.750073713428078825e+00
4.220000000000000000e+02 3.090000000000000000e+02 4.031747359663594210e+00 2.600000000000000000e+01 4.018699268781848133e+00
8.000000000000000000e+01 2.780000000000000000e+02 5.079683366298239022e+00 3.500000000000000000e+01 1.367171161281197866e+00
1.460000000000000000e+02 5.200000000000000000e+02 5.079683366298239022e+00 2.700000000000000000e+01 2.405646717764130305e+00
1.750000000000000000e+02 9.000000000000000000e+01 5.079683366298239022e+00 8.000000000000000000e+00 2.911973154774147421e+00
1.830000000000000000e+02 9.000000000000000000e+01 5.079683366298239022e+00 8.000000000000000000e+00 3.307777559475757911e+00
1.870000000000000000e+02 5.010000000000000000e+02 5.079683366298239022e+00 9.000000000000000000e+00 4.509038622679944375e+00
1.930000000000000000e+02 4.030000000000000000e+02 5.079683366298239022e+00 2.200000000000000000e+01 1.432808691697994963e+00
2.290000000000000000e+02 5.220000000000000000e+02 5.079683366298239022e+00 2.700000000000000000e+01 4.731227552592259578e+00
3.210000000000000000e+02 5.060000000000000000e+02 5.079683366298239022e+00 9.000000000000000000e+00 4.189489346976366768e+00
3.510000000000000000e+02 2.000000000000000000e+02 5.079683366298239022e+00 9.000000000000000000e+00 2.796291123540913581e+00
3.550000000000000000e+02 3.100000000000000000e+02 5.079683366298239022e+00 2.600000000000000000e+01 1.863277245946369121e+00
3.570000000000000000e+02 3.100000000000000000e+02 5.079683366298239022e+00 2.600000000000000000e+01 1.929073888796812630e+00
3.650000000000000000e+02 2.000000000000000000e+02 5.079683366298239022e+00 9.000000000000000000e+00 3.256501378031745553e+00
3.750000000000000000e+02 1.850000000000000000e+02 5.079683366298239022e+00 9.000000000000000000e+00 2.130488402315057428e+00
3.780000000000000000e+02 3.100000000000000000e+02 5.079683366298239022e+00 2.700000000000000000e+01 3.144294749883860707e+00
3.890000000000000000e+02 5.090000000000000000e+02 5.079683366298239022e+00 9.000000000000000000e+00 2.988031857594343865e+00
3.920000000000000000e+02 5.320000000000000000e+02 5.079683366298239022e+00 2.700000000000000000e+01 2.683265011454567972e+00
3.940000000000000000e+02 4.020000000000000000e+02 5.079683366298239022e+00 9.000000000000000000e+00 6.383845101532277688e+00
4.010000000000000000e+02 3.270000000000000000e+02 5.079683366298239022e+00 2.700000000000000000e+01 1.708252729660606262e+00
4.070000000000000000e+02 4.760000000000000000e+02 5.079683366298239022e+00 6.000000000000000000e+00 1.005596426904049601e+00
4.080000000000000000e+02 4.020000000000000000e+02 5.079683366298239022e+00 9.000000000000000000e+00 4.966906651020405405e+00
1.260000000000000000e+02 5.160000000000000000e+02 6.400000000000002132e+00 9.000000000000000000e+00 3.043486248439356778e+00
1.260000000000000000e+02 5.160000000000000000e+02 6.400000000000002132e+00 2.700000000000000000e+01 3.468979432208179503e+00
5.600000000000000000e+01 1.840000000000000000e+02 1.280000000000000426e+01 3.500000000000000000e+01 6.081434708834152492e-01
5.600000000000000000e+01 2.520000000000000000e+02 1.280000000000000426e+01 3.500000000000000000e+01 7.064178766068127668e-01
6.000000000000000000e+01 1.480000000000000000e+02 1.280000000000000426e+01 3.500000000000000000e+01 4.743373669059977593e-01
6.800000000000000000e+01 5.200000000000000000e+02 1.280000000000000426e+01 9.000000000000000000e+00 6.593581452516323882e-01
6.800000000000000000e+01 5.200000000000000000e+02 1.280000000000000426e+01 2.700000000000000000e+01 5.420160382012459976e-01
1.120000000000000000e+02 5.560000000000000000e+02 1.280000000000000426e+01 9.000000000000000000e+00 7.225058929300325339e-01
1.120000000000000000e+02 5.560000000000000000e+02 1.280000000000000426e+01 2.700000000000000000e+01 6.489003872388838801e-01
1.240000000000000000e+02 4.320000000000000000e+02 1.280000000000000426e+01 9.000000000000000000e+00 7.090716929433112936e-01
1.240000000000000000e+02 4.320000000000000000e+02 1.280000000000000426e+01 2.700000000000000000e+01 6.285273566702030967e-01
1.320000000000000000e+02 3.800000000000000000e+02 1.280000000000000426e+01 2.800000000000000000e+01 4.721476651065473207e-01
1.320000000000000000e+02 3.800000000000000000e+02 1.280000000000000426e+01 3.500000000000000000e+01 4.001366959761419873e-01
1.440000000000000000e+02 5.600000000000000000e+01 1.280000000000000426e+01 7.000000000000000000e+00 3.468973451771939498e-01
2.040000000000000000e+02 2.760000000000000000e+02 1.280000000000000426e+01 1.800000000000000000e+01 4.345395403155051794e-01
2.040000000000000000e+02 2.760000000000000000e+02 1.280000000000000426e+01 3.500000000000000000e+01 3.706099380858312031e-01
2.080000000000000000e+02 1.880000000000000000e+02 1.280000000000000426e+01 1.800000000000000000e+01 4.751172026654627567e-01
2.080000000000000000e+02 2.840000000000000000e+02 1.280000000000000426e+01 1.800000000000000000e+01 4.247467813085038513e-01
2.080000000000000000e+02 2.840000000000000000e+02 1.280000000000000426e+01 3.400000000000000000e+01 3.559541592421681111e-01
2.080000000000000000e+02 4.280000000000000000e+02 1.280000000000000426e+01 9.000000000000000000e+00 8.736692072210263671e-01
2.080000000000000000e+02 4.280000000000000000e+02 1.280000000000000426e+01 2.700000000000000000e+01 7.971424085954096350e-01
2.120000000000000000e+02 3.680000000000000000e+02 1.280000000000000426e+01 9.000000000000000000e+00 4.163954936759996506e-01
2.120000000000000000e+02 3.680000000000000000e+02 1.280000000000000426e+01 2.700000000000000000e+01 4.863918401315165951e-01
2.120000000000000000e+02 4.360000000000000000e+02 1.280000000000000426e+01 9.000000000000000000e+00 9.503451552747980147e-01
2.120000000000000000e+02 4.360000000000000000e+02 1.280000000000000426e+01 2.700000000000000000e+01 8.525155571011564515e-01
2.200000000000000000e+02 4.800000000000000000e+01 1.280000000000000426e+01 7.000000000000000000e+00 2.407309311226673576e-01
2.200000000000000000e+02 1.880000000000000000e+02 1.280000000000000426e+01 1.800000000000000000e+01 4.787801243219750313e-01
2.800000000000000000e+02 5.600000000000000000e+01 1.280000000000000426e+01 1.800000000000000000e+01 2.160017578478792000e-01
2.800000000000000000e+02 5.600000000000000000e+01 1.280000000000000426e+01 2.600000000000000000e+01 2.220528637184929210e-01
2.800000000000000000e+02 5.600000000000000000e+01 1.280000000000000426e+01 3.100000000000000000e+01 1.889175985795640278e-01
2.800000000000000000e+02 5.600000000000000000e+01 1.280000000000000426e+01 3.500000000000000000e+01 2.187132167141492278e-01
9.200000000000000000e+01 2.640000000000000000e+02 1.612698943865438039e+01 3.500000000000000000e+01 5.231874358411171544e-01
1.000000000000000000e+02 3.120000000000000000e+02 1.612698943865438039e+01 3.500000000000000000e+01 4.818316644715675556e-01
1.560000000000000000e+02 5.080000000000000000e+02 1.612698943865438039e+01 9.000000000000000000e+00 7.693562455612711348e-01
1.560000000000000000e+02 5.080000000000000000e+02 1.612698943865438039e+01 2.700000000000000000e+01 6.739888741612614087e-01
2.600000000000000000e+02 1.680000000000000000e+02 1.612698943865438039e+01 9.000000000000000000e+00 2.916826841497407452e-01
2.600000000000000000e+02 1.680000000000000000e+02 1.612698943865438039e+01 1.800000000000000000e+01 3.620618881681839651e-01
2.960000000000000000e+02 1.040000000000000000e+02 1.612698943865438039e+01 8.000000000000000000e+00 2.537586611941549664e-01
2.960000000000000000e+02 1.040000000000000000e+02 1.612698943865438039e+01 1.800000000000000000e+01 2.625038555936900497e-01
2.960000000000000000e+02 1.040000000000000000e+02 1.612698943865438039e+01 2.700000000000000000e+01 2.951918399442470808e-01
3.640000000000000000e+02 2.880000000000000000e+02 1.612698943865438039e+01 9.000000000000000000e+00 6.311844484025685986e-01
3.640000000000000000e+02 2.880000000000000000e+02 1.612698943865438039e+01 2.700000000000000000e+01 6.257980427943280466e-01
4.800000000000000000e+01 5.000000000000000000e+02 2.031873346519295964e+01 9.000000000000000000e+00 3.032786218701706837e-01
4.800000000000000000e+01 5.000000000000000000e+02 2.031873346519295964e+01 2.800000000000000000e+01 2.710221570266575508e-01
3.680000000000000000e+02 5.440000000000000000e+02 2.031873346519295964e+01 8.000000000000000000e+00 4.529979872873993729e-01
